<?xml version="1.0"?>
<opencv_storage>
<Distortion type_id="opencv-matrix">
  <rows>5</rows>
  <cols>1</cols>
  <dt>f</dt>
  <data>
    -3.65857959e-01 3.12732100e-01 -1.51971458e-02 9.52128787e-03
    -3.39915633e-01</data></Distortion>
</opencv_storage>
